4 0.44921875 0.75625 0.3390625 0.459375
4 0.2265625 0.76015625 0.290625 0.4640625
4 0.07421875 0.59375 0.1453125 0.64375
4 0.14453125 0.5953125 0.1921875 0.65
4 0.21171875 0.52578125 0.2328125 0.4296875
4 0.31640625 0.440625 0.1640625 0.334375
4 0.3953125 0.46171875 0.184375 0.3171875
4 0.49453125 0.43828125 0.1640625 0.3265625
4 0.56796875 0.4546875 0.2078125 0.290625
4 0.66171875 0.41328125 0.1890625 0.2765625
4 0.74765625 0.39296875 0.1859375 0.3671875
4 0.82890625 0.6328125 0.2546875 0.65
4 0.90078125 0.59609375 0.1984375 0.6703125
