5 0.303125 0.509375 0.346875 0.98125
5 0.1328125 0.50078125 0.259375 0.9984375
6 0.3609375 0.60859375 0.078125 0.6265625
6 0.4015625 0.6171875 0.090625 0.61875
6 0.4734375 0.60390625 0.0875 0.6078125
6 0.53828125 0.58515625 0.0953125 0.6296875
6 0.59296875 0.5953125 0.0984375 0.634375
6 0.66015625 0.5875 0.0859375 0.578125
6 0.715625 0.58203125 0.09375 0.5890625
6 0.78046875 0.55703125 0.0984375 0.5734375
6 0.81484375 0.5578125 0.0765625 0.528125
6 0.865625 0.5359375 0.078125 0.5625
6 0.9109375 0.5265625 0.071875 0.559375
6 0.9328125 0.525 0.06875 0.578125
6 0.9703125 0.5125 0.059375 0.559375
