4 0.25078125 0.5015625 0.2734375 0.41875
4 0.5046875 0.49609375 0.225 0.3734375
4 0.6953125 0.48125 0.2375 0.375
4 0.884375 0.49140625 0.23125 0.3515625
4 0.0984375 0.73046875 0.19375 0.5390625
6 0.4796875 0.809375 0.115625 0.3125
6 0.55859375 0.803125 0.1265625 0.31875
4 0.1296875 0.309375 0.221875 0.6125
4 0.30390625 0.28671875 0.2296875 0.5703125
4 0.49296875 0.303125 0.2140625 0.565625
4 0.76640625 0.26484375 0.2296875 0.5046875
6 0.7 0.809375 0.2 0.29375
6 0.7890625 0.80234375 0.21875 0.3109375
